5
23
29
12
9
7
30
20
6,10,0,12,3,11,4,5,6,7,3,10,4,12,3,9,6,6,9,4,8,3,11,0,11,5,7,3,7,3
18,2,16,4,15,4,10,8,6,15,6,12,10,8,6,12,9,13,8,6
0
0
0
0
4
0
0
18
0
1
1
0
1
5
0
1
8
1
1
13
0
1
17
0
1
19
0
3
2
0
3
5
0
3
7
0
3
10
0
3
17
1
4
1
0
4
3
0
4
13
0
5
5
0
5
10
5
5
13
0
6
5
0
6
6
0
7
2
0
7
4
0
7
6
0
7
7
0
7
10
0
8
1
0
8
9
0
8
10
0
8
12
0
9
5
0
9
9
0
9
12
0
9
13
0
9
14
0
9
15
0
9
18
0

10
3
0
10
5
0
10
7
0
10
8
0
10
11
0
10
15
0
11
2
0
11
10
0
11
13
0
11
15
0
12
8
0
13
8
0
13
10
0
13
12
2
13
14
0
14
7
0
14
15
0
14
17
0
14
19
4
15
2
0
15
7
0
15
9
0
15
13
0
15
16
0
16
12
0
17
7
3
18
4
3
18
10
0
18
12
0
18
16
5
19
0
4
20
6
0
20
9
0
20
10
0
21
8
0
21
11
0
21
15
0
21
17
0
22
1
0
22
6
0
22
7
0
22
11
0
22
13
4
22
16
0
24
1
0
24
2
0
24
4
0
24
6
0
24
11
0
24
13
0
24
18
0
25
9
0
25
10
0
25
14
0
26
3
0
26
11
0
26
13
0
26
14
0
26
18
1
27
2
0
27
7
4
27
10
0
28
1
0
28
3
0
28
11
0
28
13
0
28
14
0
28
15
0
28
16
0
28
18
0
28
19
0
29
2
0
29
10
0
29
14
0
29
15
0
